"batter","bathand","bat_kpct","bat_fbpct","bat_1Bpct","bat_2Bpct","bat_3Bpct","bat_HRpct","bat_ipoutpct","bat_pa","last","first","nickname","name"
"duraj001","L",0.217687074829932,0.0816326530612245,0.146938775510204,0.0653061224489796,0.019047619047619,0.0285714285714286,0.440816326530612,735,"Duran","Jarren William","Jarren","Jarren Duran"
"dever001","L",0.24459234608985,0.116472545757072,0.126455906821963,0.0565723793677205,0.00831946755407654,0.0465890183028286,0.400998336106489,601,"Devers","Rafael Calcano","Rafael","Rafael Devers"
"stort001","R",0.311320754716981,0.113207547169811,0.141509433962264,0.0660377358490566,0,0.0188679245283019,0.349056603773585,106,"Story","Trevor John","Trevor","Trevor Story"
"yoshm002","L",0.123515439429929,0.0973871733966746,0.178147268408551,0.0498812351543943,0,0.0237529691211401,0.527315914489311,421,"Yoshida","Masataka","Masataka","Masataka Yoshida"
"renda001","R",0.147058823529412,0.117647058823529,0.147058823529412,0.0420168067226891,0,0,0.546218487394958,238,"Rendon","Anthony Michael","Anthony","Anthony Rendon"
"schan001","L",0.169686985172982,0.126853377265239,0.161449752883031,0.0313014827018122,0,0.0214168039538715,0.489291598023064,607,"Schanuel","Nolan Ryan","Nolan","Nolan Schanuel"
"troum001","R",0.214285714285714,0.134920634920635,0.0873015873015873,0.00793650793650794,0.0158730158730159,0.0793650793650794,0.46031746031746,126,"Trout","Michael Nelson","Mike","Mike Trout"
"oneit001","R",0.33615221987315,0.126849894291755,0.105708245243129,0.0380549682875264,0,0.06553911205074,0.3276955602537,473,"O'Neill","Tyler Alan","Tyler","Tyler O'Neill"
"casat001","L",0.316872427983539,0.127572016460905,0.123456790123457,0.0329218106995885,0,0.0534979423868313,0.345679012345679,243,"Casas","Triston Ray","Triston","Triston Casas"
"valde002","L",0.237668161434978,0.0762331838565022,0.112107623318386,0.0538116591928251,0,0.0269058295964126,0.493273542600897,223,"Valdez","Enmanuel","Enmanuel","Enmanuel Valdez"
"rafac001","R",0.264448336252189,0.0385288966725044,0.159369527145359,0.0402802101576182,0.00875656742556918,0.0262697022767075,0.462346760070053,571,"Rafaela","Ceddanne Chipper Nicasio Marte","Ceddanne","Ceddanne Rafaela"
"mcgur002","L",0.246835443037975,0.0949367088607595,0.145569620253165,0.0189873417721519,0,0.0189873417721519,0.474683544303797,158,"McGuire","Reese Jackson","Reese","Reese McGuire"
"wardt002","R",0.245852187028658,0.105580693815988,0.137254901960784,0.0392156862745098,0.00301659125188537,0.0377073906485671,0.431372549019608,663,"Ward","Joseph Taylor","Taylor","Taylor Ward"
"drurb001","R",0.225,0.0888888888888889,0.122222222222222,0.0194444444444444,0,0.0111111111111111,0.533333333333333,360,"Drury","Brandon Shane","Brandon","Brandon Drury"
"sanom001","R",0.378947368421053,0.115789473684211,0.126315789473684,0.0315789473684211,0,0.0210526315789474,0.326315789473684,95,"Sano","Miguel Angel (Jean)","Miguel","Miguel Sano"
"monim001","L",0.272727272727273,0.0598086124401914,0.126794258373206,0.0406698564593301,0.00478468899521531,0.0334928229665072,0.461722488038278,418,"Moniak","McKenzie Matthew","Mickey","Mickey Moniak"
"ohopl001","R",0.296934865900383,0.078544061302682,0.151340996168582,0.0325670498084291,0.00191570881226054,0.0383141762452107,0.400383141762452,522,"O'Hoppe","Logan","Logan","Logan O'Hoppe"
"netoz001","R",0.232558139534884,0.0913621262458472,0.127906976744186,0.0564784053156146,0.00166112956810631,0.0382059800664452,0.451827242524917,602,"Neto","Zachary Adam","Zach","Zach Neto"
"reyep001","R",0.296875,0.0625,0.140625,0.03125,0,0,0.46875,64,"Reyes","Pablo Israel","Pablo","Pablo Reyes"
"dalbb001","R",0.462365591397849,0.0967741935483871,0.0860215053763441,0.021505376344086,0,0.010752688172043,0.32258064516129,93,"Dalbec","Robert Vernon","Bobby","Bobby Dalbec"
"hicka001","B",0.365079365079365,0.0952380952380952,0.111111111111111,0,0,0.0158730158730159,0.412698412698413,63,"Hicks","Aaron Michael","Aaron","Aaron Hicks"
"rengl001","B",0.144736842105263,0.0657894736842105,0.213815789473684,0.0427631578947368,0.00328947368421053,0.0197368421052632,0.509868421052632,304,"Rengifo","Luis Jose","Luis","Luis Rengifo"
"wongc001","R",0.234086242299795,0.0759753593429158,0.17864476386037,0.0492813141683778,0.00205338809034908,0.026694045174538,0.433264887063655,487,"Wong","Connor Sun-Han","Connor","Connor Wong"
"abrew002","L",0.279642058165548,0.0961968680089485,0.114093959731544,0.0738255033557047,0.00447427293064877,0.0335570469798658,0.398210290827741,447,"Abreu","Wilyer David","Wilyer","Wilyer Abreu"
"hamid002","L",0.252365930599369,0.0725552050473186,0.148264984227129,0.0536277602523659,0.00315457413249211,0.0252365930599369,0.444794952681388,317,"Hamilton","David Lewis","David","David Hamilton"
"thaim001","L",0.311827956989247,0.150537634408602,0.112903225806452,0.0483870967741935,0,0.010752688172043,0.365591397849462,186,"Thaiss","Matthew Kevin","Matt","Matt Thaiss"
"adelj001","R",0.279379157427938,0.0931263858093126,0.104212860310421,0.0332594235033259,0.00443458980044346,0.0443458980044346,0.441241685144124,451,"Adell","Jordon Scott","Jo","Jo Adell"
"diazy001","R",0.152979066022544,0.0869565217391304,0.180354267310789,0.0499194847020934,0.00161030595813205,0.0225442834138486,0.505636070853462,621,"Diaz","Yandy (Fernandez)","Yandy","Yandy Diaz"
"ramih004","R",0.203252032520325,0.0284552845528455,0.211382113821138,0.0284552845528455,0.0040650406504065,0.00813008130081301,0.516260162601626,246,"Ramirez","Harold Andres","Harold","Harold Ramirez"
"arozr001","R",0.260802469135802,0.146604938271605,0.103395061728395,0.0509259259259259,0,0.0308641975308642,0.407407407407407,648,"Arozarena","Randy","Randy","Randy Arozarena"
"parei001","R",0.16380655226209,0.145085803432137,0.131045241809672,0.0390015600624025,0.0015600624024961,0.0296411856474259,0.489859594383775,641,"Paredes","Isaac Edgardo (Calderon)","Isaac","Isaac Paredes"
"rosaa003","R",0.210982658959538,0.0375722543352601,0.199421965317919,0.0520231213872832,0.00867052023121387,0.00867052023121387,0.482658959537572,346,"Rosario","German Amed","Amed","Amed Rosario"
"meadc001","R",0.227272727272727,0.0606060606060606,0.189393939393939,0.0227272727272727,0,0.00757575757575758,0.492424242424242,132,"Mead","Curtis James","Curtis","Curtis Mead"
"sirij001","R",0.379464285714286,0.0848214285714286,0.0892857142857143,0.0357142857142857,0.00223214285714286,0.0401785714285714,0.368303571428571,448,"Siri","Jose Alexander","Jose","Jose Siri"
"cabaj001","R",0.27536231884058,0.0745341614906832,0.136645962732919,0.0496894409937888,0.0020703933747412,0.0186335403726708,0.443064182194617,483,"Caballero","Jose Manuel Ortega","Jose","Jose Caballero"
"pintr003","R",0.36734693877551,0.102040816326531,0.0816326530612245,0.0612244897959184,0,0.0408163265306122,0.346938775510204,49,"Pinto","Rene Rafael","Rene","Rene Pinto"
"palar002","L",0.212025316455696,0.158227848101266,0.142405063291139,0.0253164556962025,0.00316455696202532,0.0158227848101266,0.443037974683544,316,"Palacios","Richard Jordan","Richie","Richie Palacios"
"shena001","L",0.28,0.16,0.06,0.1,0,0.02,0.38,50,"Shenton","Austin P.","Austin","Austin Shenton"
"rortb001","L",0.268292682926829,0.115853658536585,0.152439024390244,0.0396341463414634,0,0.00914634146341463,0.414634146341463,328,"Rortvedt","Benjamin Thomas","Ben","Ben Rortvedt"
"hendg002","L",0.221140472878999,0.118219749652295,0.141863699582754,0.043115438108484,0.00973574408901252,0.0514603616133519,0.414464534075104,719,"Henderson","Gunnar Randal","Gunnar","Gunnar Henderson"
"rutsa001","B",0.161442006269592,0.0940438871473354,0.15987460815047,0.0329153605015674,0.00156739811912226,0.0297805642633229,0.520376175548589,638,"Rutschman","Adley Stan","Adley","Adley Rutschman"
"westj002","R",0.217002237136465,0.0648769574944072,0.136465324384787,0.058165548098434,0.0111856823266219,0.0402684563758389,0.472035794183445,447,"Westburg","Jordan Cole","Jordan","Jordan Westburg"
"santa003","B",0.193984962406015,0.0977443609022556,0.103759398496241,0.037593984962406,0.00300751879699248,0.0661654135338346,0.497744360902256,665,"Santander","Anthony Roger","Anthony","Anthony Santander"
"uriar001","R",0.182724252491694,0.0930232558139535,0.156146179401993,0.0299003322259136,0.00664451827242525,0.0365448504983389,0.495016611295681,301,"Urias","Ramon Francisco (Figueroa)","Ramon","Ramon Urias"
"mullc002","L",0.196392785571142,0.0921843687374749,0.134268537074148,0.032064128256513,0.00601202404809619,0.0360721442885772,0.503006012024048,499,"Mullins","Boyce Cedric","Cedric","Cedric Mullins"
"mccaj001","R",0.240343347639485,0.0643776824034335,0.141630901287554,0.0386266094420601,0,0.0343347639484979,0.48068669527897,233,"McCann","James Thomas","James","James McCann"
"cowsc001","L",0.306595365418895,0.105169340463458,0.124777183600713,0.0427807486631016,0.0053475935828877,0.0427807486631016,0.372549019607843,561,"Cowser","Colton Dale","Colton","Colton Cowser"
"adrie001","B",0.392857142857143,0.0714285714285714,0.107142857142857,0.0357142857142857,0,0.0357142857142857,0.357142857142857,28,"Adrianza","Ehire Enrique (Palma)","Ehire","Ehire Adrianza"
"matej003","R",0.230769230769231,0.0528846153846154,0.110576923076923,0.0673076923076923,0.00961538461538462,0.0240384615384615,0.504807692307692,208,"Mateo","Jorge Luis","Jorge","Jorge Mateo"
"ohear001","L",0.139676113360324,0.097165991902834,0.157894736842105,0.0425101214574899,0.00607287449392713,0.0303643724696356,0.526315789473684,494,"O'Hearn","Ryan Patrick","Ryan","Ryan O'Hearn"
"kjerh001","L",0.289473684210526,0.131578947368421,0.166666666666667,0.0175438596491228,0,0.0350877192982456,0.359649122807018,114,"Kjerstad","Heston Sawyer","Heston","Heston Kjerstad"
"hollj003","L",0.331730769230769,0.0817307692307692,0.120192307692308,0.0192307692307692,0.00961538461538462,0.0240384615384615,0.413461538461538,208,"Holliday","Jackson Matthew","Jackson","Jackson Holliday"
"mounr001","R",0.224852071005917,0.0552268244575937,0.16370808678501,0.0591715976331361,0.00394477317554241,0.0256410256410256,0.467455621301775,507,"Mountcastle","Ryan Lee","Ryan","Ryan Mountcastle"
"jeffr002","R",0.202150537634409,0.0989247311827957,0.10752688172043,0.0473118279569892,0,0.0451612903225806,0.498924731182796,465,"Jeffers","Ryan Michael","Ryan","Ryan Jeffers"
"buxtb001","R",0.255154639175258,0.0798969072164948,0.131443298969072,0.0695876288659794,0.0077319587628866,0.0463917525773196,0.40979381443299,388,"Buxton","Byron Keiron","Byron","Byron Buxton"
"margm001","R",0.157434402332362,0.0699708454810496,0.154518950437318,0.0495626822157434,0.00291545189504373,0.0116618075801749,0.553935860058309,343,"Margot","Manuel","Manuel","Manuel Margot"
"miraj002","R",0.153846153846154,0.0559440559440559,0.17016317016317,0.0652680652680653,0.00932400932400932,0.020979020979021,0.524475524475524,429,"Miranda","Jose Francisco","Jose","Jose Miranda"
"santc002","B",0.166666666666667,0.11952861952862,0.126262626262626,0.0437710437710438,0,0.0387205387205387,0.505050505050505,594,"Santana","Carlos","Carlos","Carlos Santana"
"marta007","R",0.182879377431907,0.0856031128404669,0.151750972762646,0.0700389105058366,0.00389105058365759,0.00389105058365759,0.501945525291829,257,"Martin","Christopher Austin","Austin","Austin Martin"
"vazqc001","R",0.206349206349206,0.0380952380952381,0.152380952380952,0.0317460317460317,0,0.0222222222222222,0.549206349206349,315,"Vazquez","Christian Rafael","Christian","Christian Vazquez"
"farmk001","R",0.202479338842975,0.103305785123967,0.111570247933884,0.0537190082644628,0.00413223140495868,0.0206611570247934,0.504132231404959,242,"Farmer","James Kyle","Kyle","Kyle Farmer"
"castw003","B",0.236593059936909,0.113564668769716,0.141955835962145,0.0488958990536278,0.00788643533123028,0.0189274447949527,0.43217665615142,634,"Castro","Willi Rafael","Willi","Willi Castro"
"julie001","L",0.338870431893688,0.116279069767442,0.119601328903654,0.0299003322259136,0,0.026578073089701,0.368770764119601,301,"Julien","Edouard","Edouard","Edouard Julien"
"keplm001","L",0.200501253132832,0.0676691729323308,0.157894736842105,0.0526315789473684,0.0025062656641604,0.0200501253132832,0.49874686716792,399,"Kepler","Maximilian","Max","Max Kepler"
"kiria001","L",0.264044943820225,0.0898876404494382,0.0898876404494382,0.0449438202247191,0.0168539325842697,0.0280898876404494,0.466292134831461,178,"Kirilloff","Alexander David","Alex","Alex Kirilloff"
"larnt001","L",0.2225,0.1075,0.15,0.0425,0,0.0375,0.44,400,"Larnach","Trevor John-Ikaiakaloa","Trevor","Trevor Larnach"
"castw003","R",0,0,0,0,0,0,1,1,"Castro","Willi Rafael","Willi","Willi Castro"
"schwk001","L",0.284682080924855,0.160404624277457,0.11849710982659,0.0317919075144509,0,0.0549132947976879,0.34971098265896,692,"Schwarber","Kyle Joseph","Kyle","Kyle Schwarber"
"turnt001","R",0.181818181818182,0.0612244897959184,0.191094619666048,0.0463821892393321,0,0.038961038961039,0.480519480519481,539,"Turner","Trea Vance","Trea","Trea Turner"
"harpb003","L",0.218700475435816,0.123613312202853,0.134706814580032,0.0665610142630745,0,0.0475435816164818,0.408874801901743,631,"Harper","Bryce Aron Max","Bryce","Bryce Harper"
"bohma001","R",0.141914191419142,0.0759075907590759,0.155115511551155,0.0726072607260726,0.0033003300330033,0.0247524752475248,0.526402640264026,606,"Bohm","Alec Daniel","Alec","Alec Bohm"
"marsb002","L",0.323529411764706,0.109243697478992,0.142857142857143,0.0357142857142857,0.00630252100840336,0.0336134453781513,0.348739495798319,476,"Marsh","Brandon Chase","Brandon","Brandon Marsh"
"castn001","R",0.21092564491654,0.0773899848254932,0.147192716236722,0.0455235204855842,0.00606980273141123,0.0349013657056146,0.477996965098634,659,"Castellanos","Nicholas Alexander","Nick","Nick Castellanos"
"stotb001","L",0.162872154115587,0.0980735551663748,0.161120840630473,0.0332749562171629,0.00350262697022767,0.0192644483362522,0.521891418563923,571,"Stott","Bryson Jeremy","Bryson","Bryson Stott"
"rojaj003","R",0.190082644628099,0.046831955922865,0.176308539944904,0.0330578512396694,0.00826446280991736,0.00826446280991736,0.537190082644628,363,"Rojas","Johan Stiven","Johan","Johan Rojas"
"stubg001","L",0.267379679144385,0.112299465240642,0.149732620320856,0.0213903743315508,0.0053475935828877,0.0053475935828877,0.438502673796791,187,"Stubbs","Garrett Patrick","Garrett","Garrett Stubbs"
"tuckc001","B",0.298245614035088,0.105263157894737,0.0701754385964912,0.0701754385964912,0.0175438596491228,0,0.43859649122807,57,"Tucker","Cole Bryson","Cole","Cole Tucker"
"realj001","R",0.246973365617433,0.0774818401937046,0.164648910411622,0.0435835351089588,0.00242130750605327,0.0338983050847458,0.430992736077482,413,"Realmuto","Jacob Tyler","J.T.","J.T. Realmuto"
"merrw001","R",0.155223880597015,0.113432835820896,0.146268656716418,0.026865671641791,0.00895522388059702,0.0119402985074627,0.537313432835821,335,"Merrifield","Whitley David","Whit","Whit Merrifield"
"sosae001","R",0.240875912408759,0.0766423357664234,0.14963503649635,0.0437956204379562,0.0145985401459854,0.0255474452554745,0.448905109489051,274,"Sosa","Edmundo Israel","Edmundo","Edmundo Sosa"
"pachc001","R",0.349726775956284,0.092896174863388,0.12568306010929,0.0437158469945355,0.00546448087431694,0.00546448087431694,0.377049180327869,183,"Pache","Cristian Rafael (Torres)","Cristian","Cristian Pache"
"pillk001","R",0.219745222929936,0.0828025477707006,0.127388535031847,0.0509554140127389,0.00318471337579618,0.0254777070063694,0.490445859872611,314,"Pillar","Kevin Andrew","Kevin","Kevin Pillar"
"garcm003","R",0.164536741214058,0.0670926517571885,0.150159744408946,0.0431309904153355,0.00798722044728434,0.0111821086261981,0.55591054313099,626,"Garcia","Maikel Jose","Maikel","Maikel Garcia"
"wittb002","R",0.14950634696756,0.0916784203102962,0.173483779971791,0.0634696755994358,0.0155148095909732,0.0451339915373766,0.461212976022567,709,"Witt","Robert Andrew Jr.","Bobby","Bobby Witt"
"pasqv001","L",0.128158844765343,0.0794223826714801,0.142599277978339,0.0541516245487365,0.0036101083032491,0.0342960288808664,0.557761732851986,554,"Pasquantino","Vincent Joseph","Vinnie","Vinnie Pasquantino"
"peres002","R",0.197852760736196,0.0843558282208589,0.161042944785276,0.0429447852760736,0,0.0414110429447853,0.47239263803681,652,"Perez","Salvador Johan (Diaz)","Salvador","Salvador Perez"
"velan001","R",0.265217391304348,0.0956521739130435,0.104347826086957,0.0347826086956522,0.00434782608695652,0.0347826086956522,0.460869565217391,230,"Velazquez","Nelson Javier","Nelson","Nelson Velazquez"
"massm001","L",0.157303370786517,0.050561797752809,0.148876404494382,0.047752808988764,0.00561797752808989,0.0393258426966292,0.550561797752809,356,"Massey","Michael","Michael","Michael Massey"
"calhw001","L",0.122047244094488,0.094488188976378,0.137795275590551,0.062992125984252,0,0.0196850393700787,0.562992125984252,254,"Calhoun","Willie Shawn Lamont","Willie","Willie Calhoun"
"guill001","L",0.192513368983957,0.122994652406417,0.122994652406417,0.0481283422459893,0.0053475935828877,0,0.508021390374332,187,"Guillorme","Luis Miguel (Gonzalez)","Luis","Luis Guillorme"
"renfh001","R",0.19811320754717,0.089622641509434,0.129716981132075,0.0424528301886792,0,0.035377358490566,0.504716981132076,424,"Renfroe","Dustin Hunter","Hunter","Hunter Renfroe"
"bland001","R",0.242424242424242,0.0681818181818182,0.174242424242424,0.0303030303030303,0,0.0303030303030303,0.454545454545455,132,"Blanco","Dairon (LaMadrid)","Dairon","Dairon Blanco"
"hampg001","R",0.255411255411255,0.0606060606060606,0.151515151515152,0.0562770562770563,0.00432900432900433,0,0.471861471861472,231,"Hampson","Garrett Reese","Garrett","Garrett Hampson"
"parik002","R",0.288135593220339,0.11864406779661,0.0508474576271186,0.0338983050847458,0,0.0169491525423729,0.491525423728814,59,"Paris","Kyren Terrell","Kyren","Kyren Paris"
"melem001","L",0.250554323725055,0.0842572062084257,0.0931263858093126,0.0509977827050998,0.00665188470066519,0.0376940133037694,0.476718403547672,451,"Melendez","Mervyl Samuel","MJ","MJ Melendez"
"fraza001","L",0.200680272108844,0.0986394557823129,0.129251700680272,0.0340136054421769,0.00340136054421769,0.0136054421768707,0.520408163265306,294,"Frazier","Adam Timothy","Adam","Adam Frazier"
"goodn002","B",0.303030303030303,0.0909090909090909,0.0909090909090909,0,0,0,0.515151515151515,33,"Goodrum","Cartier Niko","Niko","Niko Goodrum"
"isbek001","L",0.206572769953052,0.0751173708920188,0.13849765258216,0.0305164319248826,0.0187793427230047,0.0187793427230047,0.511737089201878,426,"Isbel","Kyle Grant","Kyle","Kyle Isbel"
"fermf002","R",0.179347826086957,0.0679347826086956,0.195652173913043,0.0380434782608696,0,0.016304347826087,0.502717391304348,368,"Fermin","Freddy Antonio","Freddy","Freddy Fermin"
"carpm002","L",0.32484076433121,0.10828025477707,0.133757961783439,0.0445859872611465,0,0.0254777070063694,0.363057324840764,157,"Carpenter","Matthew Martin","Matt","Matt Carpenter"
"nootl001","L",0.195061728395062,0.130864197530864,0.128395061728395,0.0444444444444444,0.00740740740740741,0.0296296296296296,0.464197530864198,405,"Nootbaar","Lars Taylor-Tatsuji","Lars","Lars Nootbaar"
"goldp001","R",0.264525993883792,0.0749235474006116,0.13914373088685,0.0504587155963303,0.00152905198776758,0.0336391437308868,0.435779816513761,654,"Goldschmidt","Paul Edward","Paul","Paul Goldschmidt"
"arenn001","R",0.14488188976378,0.0771653543307087,0.185826771653543,0.0362204724409449,0,0.0251968503937008,0.530708661417323,635,"Arenado","Nolan James","Nolan","Nolan Arenado"
"gormn001","L",0.375621890547264,0.0870646766169154,0.0995024875621891,0.0373134328358209,0,0.0472636815920398,0.353233830845771,402,"Gorman","Nolan Brian","Nolan","Nolan Gorman"
"herri001","R",0.204633204633205,0.104247104247104,0.196911196911197,0.0463320463320463,0.00386100386100386,0.0193050193050193,0.424710424710425,259,"Herrera","Ivan Aaron","Ivan","Ivan Herrera"
"donob001","L",0.124233128834356,0.0920245398773006,0.171779141104294,0.0521472392638037,0.00460122699386503,0.0214723926380368,0.533742331288344,652,"Donovan","Brendan Michael","Brendan","Brendan Donovan"
"winnm001","R",0.171114599686028,0.0659340659340659,0.164835164835165,0.0502354788069074,0.00784929356357928,0.0235478806907378,0.516483516483517,637,"Winn","Masyn Blaze","Masyn","Masyn Winn"
"sianm001","L",0.275449101796407,0.0718562874251497,0.170658682634731,0.0209580838323353,0.00598802395209581,0.00598802395209581,0.449101796407186,334,"Siani","Michael","Mike","Mike Siani"
"burla001","L",0.127731092436975,0.065546218487395,0.178151260504202,0.0336134453781513,0,0.0352941176470588,0.559663865546218,595,"Burleson","Alec Michael","Alec","Alec Burleson"
"carld002","B",0.283018867924528,0.10188679245283,0.147169811320755,0.0264150943396226,0,0.0113207547169811,0.430188679245283,265,"Carlson","Dylan James","Dylan","Dylan Carlson"
"pagep001","R",0.26605504587156,0.0596330275229358,0.165137614678899,0.0137614678899083,0.00917431192660551,0.0321100917431193,0.454128440366972,218,"Pages","Pedro Jose","Pedro","Pedro Pages"
"freet001","R",0.138381201044386,0.122715404699739,0.122715404699739,0.0365535248041775,0.00261096605744125,0.0182767624020888,0.558746736292428,383,"Freeman","Tyler Andrew","Tyler","Tyler Freeman"
"gimea001","L",0.153238546603476,0.0647709320695103,0.181674565560821,0.0347551342812006,0.00157977883096367,0.014218009478673,0.549763033175355,633,"Gimenez","Andres Alfonso (Osorio)","Andres","Andres Gimenez"
"ramij003","B",0.120411160058737,0.079295154185022,0.136563876651982,0.0572687224669604,0.00293685756240822,0.0572687224669604,0.54625550660793,681,"Ramirez","Jose","Jose","Jose Ramirez"
"naylj001","L",0.165876777251185,0.102685624012638,0.12480252764613,0.042654028436019,0,0.0489731437598736,0.515007898894155,633,"Naylor","Joshua-Douglas James","Josh","Josh Naylor"
"fry-d001","R",0.214285714285714,0.130102040816327,0.14030612244898,0.0459183673469388,0.00255102040816327,0.0357142857142857,0.431122448979592,392,"Fry","David James","David","David Fry"
"rodrj009","R",0.35,0.225,0.075,0.025,0,0,0.325,40,"Rodriguez","Johnathan","Johnathan","Johnathan Rodriguez"
"ariag002","R",0.329192546583851,0.0434782608695652,0.130434782608696,0.0559006211180124,0.0062111801242236,0.0186335403726708,0.416149068322981,161,"Arias","Gabriel Alejandro","Gabriel","Gabriel Arias"
"manzk001","L",0.262820512820513,0.0641025641025641,0.108974358974359,0.0769230769230769,0,0.032051282051282,0.455128205128205,156,"Manzardo","Kyle Thomas","Kyle","Kyle Manzardo"
"roccb001","B",0.203619909502262,0.117647058823529,0.119909502262443,0.0407239819004525,0,0.0180995475113122,0.5,442,"Rocchio","Brayan Hommy","Brayan","Brayan Rocchio"
"brenw002","L",0.135977337110482,0.0623229461756374,0.181303116147309,0.0368271954674221,0.0056657223796034,0.0226628895184136,0.555240793201133,353,"Brennan","William Daniel","Will","Will Brennan"
"flore001","L",0.369369369369369,0.108108108108108,0.0540540540540541,0.0540540540540541,0.018018018018018,0.027027027027027,0.369369369369369,111,"Florial","Estevan Haniel","Estevan","Estevan Florial"
"naylb001","L",0.313624678663239,0.0796915167095116,0.118251928020566,0.025706940874036,0.0051413881748072,0.0334190231362468,0.424164524421594,389,"Naylor","Noah-Gibson James Washington","Bo","Bo Naylor"
"hedga001","R",0.342465753424658,0.0616438356164384,0.102739726027397,0.0205479452054795,0,0.0136986301369863,0.458904109589041,146,"Hedges","Austin Charles","Austin","Austin Hedges"
"volpa001","R",0.226415094339623,0.0667634252539913,0.158200290275762,0.0391872278664731,0.0101596516690856,0.0174165457184325,0.481857764876633,689,"Volpe","Anthony Michael","Anthony","Anthony Volpe"
"sotoj001","L",0.166900420757363,0.186535764375877,0.126227208976157,0.0434782608695652,0.00561009817671809,0.0575035063113604,0.413744740532959,713,"Soto","Juan Jose (Pacheco)","Juan","Juan Soto"
"judga001","R",0.242897727272727,0.201704545454545,0.120738636363636,0.0511363636363636,0.00142045454545455,0.0823863636363636,0.299715909090909,704,"Judge","Aaron James","Aaron","Aaron Judge"
"verda001","L",0.14975845410628,0.0805152979066023,0.14170692431562,0.0450885668276973,0.00161030595813205,0.0209339774557166,0.560386473429952,621,"Verdugo","Alex Brady","Alex","Alex Verdugo"
"stanm004","R",0.311546840958606,0.0871459694989107,0.108932461873638,0.0435729847494553,0,0.0588235294117647,0.389978213507625,459,"Stanton","Giancarlo Cruz-Michael","Giancarlo","Giancarlo Stanton"
"rizza001","L",0.173333333333333,0.096,0.152,0.032,0,0.0213333333333333,0.525333333333333,375,"Rizzo","Anthony Vincent","Anthony","Anthony Rizzo"
"torrg001","R",0.204511278195489,0.102255639097744,0.165413533834586,0.0390977443609023,0,0.0225563909774436,0.466165413533835,665,"Torres","Gleyber David (Castro)","Gleyber","Gleyber Torres"
"wella002","L",0.210144927536232,0.1256038647343,0.118357487922705,0.0434782608695652,0.00241545893719807,0.0314009661835749,0.468599033816425,414,"Wells","Austin Kenneth","Austin","Austin Wells"
"lemad001","R",0.153508771929825,0.087719298245614,0.149122807017544,0.0219298245614035,0,0.0087719298245614,0.578947368421053,228,"LeMahieu","David John","DJ","DJ LeMahieu"
"trevj001","R",0.175213675213675,0.094017094017094,0.136752136752137,0.0213675213675214,0,0.0341880341880342,0.538461538461538,234,"Trevino","Jose Antonio","Jose","Jose Trevino"
"cabro002","B",0.188311688311688,0.0714285714285714,0.162337662337662,0.0324675324675325,0,0.025974025974026,0.519480519480519,308,"Cabrera","Oswaldo Alberto","Oswaldo","Oswaldo Cabrera"
"profj001","B",0.151197604790419,0.140718562874251,0.157185628742515,0.0434131736526946,0,0.0359281437125748,0.471556886227545,668,"Profar","Jurickson Barthelomeus","Jurickson","Jurickson Profar"
"tatif002","R",0.219178082191781,0.089041095890411,0.15296803652968,0.0479452054794521,0.00228310502283105,0.0479452054794521,0.440639269406393,438,"Tatis","Fernando Gabriel Jr.","Fernando","Fernando Tatis"
"machm001","R",0.192846034214619,0.0715396578538103,0.161741835147745,0.046656298600311,0,0.0451010886469673,0.482115085536547,643,"Machado","Manuel Arturo","Manny","Manny Machado"
"solad001","R",0.210355987055016,0.0809061488673139,0.194174757281553,0.0420711974110032,0,0.0258899676375405,0.446601941747573,309,"Solano","Donovan (Preciado)","Donovan","Donovan Solano"
"cronj001","L",0.179878048780488,0.109756097560976,0.13719512195122,0.0442073170731707,0.00457317073170732,0.0259146341463415,0.498475609756098,656,"Cronenworth","Jacob John","Jake","Jake Cronenworth"
"kim-h002","R",0.163829787234043,0.127659574468085,0.136170212765957,0.0340425531914894,0.00638297872340425,0.0234042553191489,0.508510638297872,470,"Kim","Ha-Seong","Ha-Seong","Ha-Seong Kim"
"merrj002","L",0.170320404721754,0.0505902192242833,0.170320404721754,0.0522765598650927,0.0101180438448567,0.0404721753794266,0.505902192242833,593,"Merrill","Jackson Peter","Jackson","Jackson Merrill"
"azocj001","R",0.240506329113924,0.0632911392405063,0.177215189873418,0.0253164556962025,0,0,0.493670886075949,79,"Azocar","Jose Enrique","Jose","Jose Azocar"
"higak001","R",0.281368821292776,0.0570342205323194,0.0988593155893536,0.0380228136882129,0.00380228136882129,0.064638783269962,0.456273764258555,263,"Higashioka","Kyle Harris","Kyle","Kyle Higashioka"
"perad001","L",0.207692307692308,0.0923076923076923,0.169230769230769,0.0423076923076923,0,0.0307692307692308,0.457692307692308,260,"Peralta","Senger David (Guerrero)","David","David Peralta"
"wadet002","L",0.185897435897436,0.0833333333333333,0.173076923076923,0.0192307692307692,0,0,0.538461538461538,156,"Wade","Tyler Dean","Tyler","Tyler Wade"
"arral001","L",0.0431547619047619,0.0476190476190476,0.239583333333333,0.0476190476190476,0.00446428571428571,0.00595238095238095,0.611607142857143,672,"Arraez","Luis Sangel (Reveron)","Luis","Luis Arraez"
"campl002","R",0.137123745819398,0.0702341137123746,0.140468227424749,0.0434782608695652,0,0.0267558528428094,0.581939799331104,299,"Campusano","Luis Genaro (Bracero)","Luis","Luis Campusano"
"altuj001","R",0.174486803519062,0.0791788856304985,0.196480938416422,0.0454545454545455,0,0.0293255131964809,0.475073313782991,682,"Altuve","Jose Carlos","Jose","Jose Altuve"
"brega001","R",0.135646687697161,0.0772870662460568,0.146687697160883,0.0473186119873817,0.00315457413249211,0.0410094637223975,0.548895899053628,634,"Bregman","Alexander David","Alex","Alex Bregman"
"alvay001","L",0.149606299212598,0.124409448818898,0.155905511811024,0.0535433070866142,0.0031496062992126,0.0551181102362205,0.458267716535433,635,"Alvarez","Yordan Ruben","Yordan","Yordan Alvarez"
"penaj004","R",0.170769230769231,0.06,0.176923076923077,0.0430769230769231,0.00307692307692308,0.0230769230769231,0.523076923076923,650,"Pena","Jeremy Joan","Jeremy","Jeremy Pena"
"diazy004","R",0.172859450726979,0.0420032310177706,0.205169628432956,0.0468497576736672,0.00484652665589661,0.0258481421647819,0.502423263327948,619,"Diaz","Yainer Radhames","Yainer","Yainer Diaz"
"meyej002","R",0.228070175438596,0.087719298245614,0.126705653021442,0.0389863547758285,0.00584795321637427,0.0253411306042885,0.487329434697856,513,"Meyers","Jacob Berkshire","Jake","Jake Meyers"
"carav001","B",0.193430656934307,0.0948905109489051,0.178832116788321,0.0291970802919708,0.00364963503649635,0.0291970802919708,0.470802919708029,274,"Caratini","Victor Manuel","Victor","Victor Caratini"
"abrej003","R",0.233333333333333,0.05,0.0833333333333333,0.0166666666666667,0,0.0166666666666667,0.6,120,"Abreu","Jose Dariel (Correa)","Jose","Jose Abreu"
"cabbt001","L",0.373626373626374,0.0549450549450549,0.0989010989010989,0.0879120879120879,0,0.010989010989011,0.373626373626374,91,"Cabbage","Trey Aaron","Trey","Trey Cabbage"
"dubom001","R",0.128504672897196,0.0420560747663551,0.184579439252336,0.058411214953271,0,0.00934579439252336,0.577102803738318,428,"Dubon","Mauricio Andre","Mauricio","Mauricio Dubon"
"mccoc001","R",0.269662921348315,0.0786516853932584,0.146067415730337,0.0224719101123595,0.00374531835205993,0.0187265917602996,0.460674157303371,267,"McCormick","Chas Kane","Chas","Chas McCormick"
"stefm001","R",0.161290322580645,0.104838709677419,0.161290322580645,0.032258064516129,0,0,0.540322580645161,124,"Stefanic","Michael","Michael","Michael Stefanic"
"turab002","L",0.169628432956381,0.0840064620355412,0.172859450726979,0.0387722132471729,0.00646203554119548,0.0113085621970921,0.516962843295638,619,"Turang","Brice Craig","Brice","Brice Turang"
"ortij005","R",0.201565557729941,0.12133072407045,0.123287671232877,0.0489236790606654,0.0117416829745597,0.0215264187866928,0.471624266144814,511,"Ortiz","Joseph Anthony","Joey","Joey Ortiz"
"yelic001","L",0.184126984126984,0.133333333333333,0.187301587301587,0.0380952380952381,0.00952380952380952,0.0349206349206349,0.412698412698413,315,"Yelich","Christian Stephen","Christian","Christian Yelich"
"adamw002","R",0.251453488372093,0.109011627906977,0.127906976744186,0.0479651162790698,0,0.0465116279069767,0.417151162790698,688,"Adames","Willy Rafael (Luna)","Willy","Willy Adames"
"bauej001","L",0.341040462427746,0.127167630057803,0.106936416184971,0.0260115606936416,0.00578034682080925,0.0346820809248555,0.358381502890173,346,"Bauers","Jakob Christopher","Jake","Jake Bauers"
"hoskr001","R",0.288201160541586,0.11605415860735,0.108317214700193,0.0270793036750484,0,0.0502901353965184,0.410058027079304,517,"Hoskins","Rhys Dean","Rhys","Rhys Hoskins"
"frels001","L",0.148854961832061,0.0820610687022901,0.181297709923664,0.0419847328244275,0.00763358778625954,0.00381679389312977,0.534351145038168,524,"Frelick","Salvatore Michael","Sal","Sal Frelick"
"sancg002","R",0.271428571428571,0.114285714285714,0.125,0.025,0.00357142857142857,0.0392857142857143,0.421428571428571,280,"Sanchez","Gary","Gary","Gary Sanchez"
"perkb002","B",0.25,0.104166666666667,0.164351851851852,0.0300925925925926,0.00462962962962963,0.0138888888888889,0.43287037037037,432,"Perkins","Blake Alexander","Blake","Blake Perkins"
"contw002","R",0.204712812960236,0.119293078055965,0.154639175257732,0.0544918998527246,0.00294550810014728,0.0338733431516937,0.430044182621502,679,"Contreras","William Jesus (Castillo)","William","William Contreras"
"chouj001","R",0.211169284467714,0.0732984293193717,0.158813263525305,0.0506108202443281,0.00698080279232112,0.0366492146596859,0.462478184991274,573,"Chourio","Jackson Bryan","Jackson","Jackson Chourio"
"bledj001","L",0.194704049844237,0.107476635514019,0.11214953271028,0.0669781931464174,0.00623052959501558,0.0311526479750779,0.481308411214953,642,"Bleday","Jeffrey Joseph","JJ","JJ Bleday"
"andum001","R",0.13166144200627,0.0501567398119122,0.210031347962382,0.0438871473354232,0.00313479623824451,0.0125391849529781,0.54858934169279,319,"Andujar","Miguel Enrique","Miguel","Miguel Andujar"
"rookb001","R",0.288273615635179,0.104234527687296,0.151465798045603,0.0423452768729642,0.00325732899022801,0.0635179153094463,0.346905537459283,614,"Rooker","Terry Brent","Brent","Brent Rooker"
"sodet001","L",0.248826291079812,0.107981220657277,0.117370892018779,0.0469483568075117,0,0.0422535211267606,0.436619718309859,213,"Soderstrom","Tyler Christian","Tyler","Tyler Soderstrom"
"langs001","R",0.271535580524345,0.0861423220973783,0.110486891385768,0.0337078651685393,0.00374531835205993,0.0543071161048689,0.440074906367041,534,"Langeliers","Shea Ryan","Shea","Shea Langeliers"
"nevit001","R",0.23021582733813,0.107913669064748,0.118705035971223,0.0359712230215827,0,0.0251798561151079,0.482014388489209,278,"Nevin","Tyler Joseph","Tyler","Tyler Nevin"
"geloz001","R",0.343692870201097,0.076782449725777,0.120658135283364,0.036563071297989,0.0036563071297989,0.0310786106032907,0.387568555758684,547,"Gelof","Zachary Dunn","Zack","Zack Gelof"
"butll001","L",0.239467849223947,0.0776053215077605,0.133037694013304,0.0532150776053215,0.00443458980044346,0.0487804878048781,0.443458980044346,451,"Butler","Lawrence Evan","Lawrence","Lawrence Butler"
"diaza003","R",0.264705882352941,0.0294117647058824,0.0882352941176471,0,0,0,0.617647058823529,34,"Diaz","Aledmys (Serrano)","Aledmys","Aledmys Diaz"
"camed001","R",0.274193548387097,0.0752688172043011,0.123655913978495,0.0268817204301075,0.00537634408602151,0.0268817204301075,0.467741935483871,186,"Cameron","Dazmon Jaroid","Daz","Daz Cameron"
"alvaa002","R",0.205128205128205,0.0512820512820513,0.205128205128205,0.0256410256410256,0,0,0.512820512820513,39,"Alvarez","Armando Francisco","Armando","Armando Alvarez"
"schum002","R",0.259259259259259,0.117647058823529,0.143790849673203,0.0305010893246187,0,0.0152505446623094,0.433551198257081,459,"Schuemann","Maxwell Carter","Max","Max Schuemann"
"mccak004","L",0.375796178343949,0.10828025477707,0.152866242038217,0.0254777070063694,0,0.0318471337579618,0.305732484076433,157,"McCann","Kyle Joseph","Kyle","Kyle McCann"
"vierm001","R",0.213403880070547,0.0776014109347443,0.148148148148148,0.0493827160493827,0.00881834215167548,0.0282186948853616,0.474426807760141,567,"Vierling","Matthew Gregory","Matt","Matt Vierling"
"keitc001","L",0.197841726618705,0.0683453237410072,0.183453237410072,0.026978417266187,0.00719424460431655,0.0233812949640288,0.492805755395683,556,"Keith","Colten Thomas","Colt","Colt Keith"
"greer003","L",0.267123287671233,0.118150684931507,0.131849315068493,0.0462328767123288,0.0102739726027397,0.0410958904109589,0.38527397260274,584,"Greene","Riley","Riley","Riley Greene"
"urshg001","R",0.156182212581345,0.052060737527115,0.171366594360087,0.0412147505422994,0.00216919739696312,0.0195227765726681,0.557483731019523,461,"Urshela","Giovanny","Giovanny","Giovanny Urshela"
"perew002","B",0.216470588235294,0.0776470588235294,0.148235294117647,0.0376470588235294,0.0141176470588235,0.0211764705882353,0.484705882352941,425,"Perez","Wenceel Xavier","Wenceel","Wenceel Perez"
"badda001","L",0.329268292682927,0.0975609756097561,0.0487804878048781,0.024390243902439,0.024390243902439,0.024390243902439,0.451219512195122,82,"Baddoo","Akil Neomon","Akil","Akil Baddoo"
"mallj001","R",0.369565217391304,0.11304347826087,0.108695652173913,0.0304347826086957,0.00434782608695652,0.0347826086956522,0.339130434782609,230,"Malloy","Justyn-Henry Conrad","Justyn-Henry","Justyn-Henry Malloy"
"mckiz001","L",0.212307692307692,0.08,0.126153846153846,0.0430769230769231,0.0153846153846154,0.0123076923076923,0.510769230769231,325,"McKinstry","Zachary","Zach","Zach McKinstry"
"kellc002","R",0.175718849840256,0.0990415335463259,0.153354632587859,0.0287539936102236,0.00319488817891374,0.0287539936102236,0.511182108626198,313,"Kelly","Carson Franklin","Carson","Carson Kelly"
"canhm001","R",0.207792207792208,0.138528138528139,0.147186147186147,0.0432900432900433,0,0.0151515151515152,0.448051948051948,462,"Canha","Mark David","Mark","Mark Canha"
"ibana001","R",0.258196721311475,0.0737704918032787,0.159836065573771,0.0368852459016393,0.00409836065573771,0.0204918032786885,0.44672131147541,244,"Ibanez","Andy (Velazquez)","Andy","Andy Ibanez"
"rogej004","R",0.293768545994065,0.0741839762611276,0.100890207715134,0.0474777448071217,0.0029673590504451,0.029673590504451,0.451038575667656,337,"Rogers","Jacob Ray","Jake","Jake Rogers"
"kreir001","R",0.292307692307692,0.0923076923076923,0.0923076923076923,0,0,0.0153846153846154,0.507692307692308,65,"Kreidler","Ryan","Ryan","Ryan Kreidler"
"semim001","R",0.146239554317549,0.0933147632311978,0.142061281337047,0.0376044568245125,0.00278551532033426,0.032033426183844,0.545961002785515,718,"Semien","Marcus Andrew","Marcus","Marcus Semien"
"seagc001","L",0.180112570356473,0.105065666041276,0.151969981238274,0.0393996247654784,0,0.0562851782363977,0.467166979362101,533,"Seager","Corey Drew","Corey","Corey Seager"
"smitj007","L",0.204391891891892,0.108108108108108,0.153716216216216,0.0506756756756757,0.00168918918918919,0.0219594594594595,0.459459459459459,592,"Smith","Josh Harris","Josh","Josh Smith"
"langw001","R",0.206463195691203,0.0987432675044883,0.145421903052065,0.0448833034111311,0.00718132854578097,0.0287253141831239,0.468581687612208,557,"Langford","Wyatt Michael","Wyatt","Wyatt Langford"
"garca005","R",0.277864992150706,0.0800627943485086,0.122448979591837,0.0423861852433281,0,0.0392464678178964,0.437990580847724,637,"Garcia","Jose Adolis","Adolis","Adolis Garcia"
"lowen001","L",0.221238938053097,0.132743362831858,0.169911504424779,0.0283185840707965,0.00176991150442478,0.0283185840707965,0.417699115044248,565,"Lowe","David Nathaniel","Nathaniel","Nathaniel Lowe"
"heimj001","B",0.183299389002037,0.0610997963340122,0.152749490835031,0.0244399185336049,0.00203665987780041,0.0264765784114053,0.54989816700611,491,"Heim","Jonah Nathan","Jonah","Jonah Heim"
"jankt001","L",0.21256038647343,0.0821256038647343,0.154589371980676,0.0241545893719807,0,0.00483091787439614,0.521739130434783,207,"Jankowski","Travis Paul","Travis","Travis Jankowski"
"hiurk001","R",0.37037037037037,0,0.148148148148148,0,0,0,0.481481481481481,27,"Hiura","Keston Wee Hing Natsuo","Keston","Keston Hiura"
"tavel001","B",0.2117202268431,0.0793950850661626,0.147448015122873,0.0321361058601134,0.0056710775047259,0.0226843100189036,0.500945179584121,529,"Taveras","Leody (Salazar)","Leody","Leody Taveras"
"kniza001","R",0.236559139784946,0.021505376344086,0.139784946236559,0.010752688172043,0,0.010752688172043,0.580645161290323,93,"Knizner","Andrew Robert","Andrew","Andrew Knizner"
"hilld002","R",0.325581395348837,0.0406976744186047,0.151162790697674,0.0232558139534884,0.0116279069767442,0.0406976744186047,0.406976744186047,172,"Hill","Derek Jerome","Derek","Derek Hill"
"crawj002","L",0.226164079822616,0.12860310421286,0.11529933481153,0.0354767184035477,0.00443458980044346,0.0199556541019956,0.470066518847007,451,"Crawford","John Paul","J.P.","J.P. Crawford"
"rojaj001","L",0.226890756302521,0.102941176470588,0.138655462184874,0.0399159663865546,0.00420168067226891,0.0168067226890756,0.470588235294118,476,"Rojas","Joshua Luke","Josh","Josh Rojas"
"ralec001","B",0.279106858054226,0.121212121212121,0.111642743221691,0.025518341307815,0,0.0542264752791069,0.40829346092504,627,"Raleigh","Caleb John","Cal","Cal Raleigh"
